Vector3(1.54978,2.41666,74.5298)
Vector3(-5.92742,5.46154,-10.80577)
Vector3(-12.7472,4.83162,-15.2336)
Vector3(-16.5271,4.76751,14.9032)
Vector3(13.3535,4.67074,16.6974)

//inside paintables


Vector3(66.8039,1.67097,-71.8205)
Vector3(1.67608,1.56634,89.0431)
Vector3(1.67608,1.56634,89.0431)
Vector3(-82.7065,2.30997,76.9145)
Vector3(-86.2158,1.28387,14.2136)
Vector3(-81.9265,2.52788,-60.8369)
Vector3(-32.5885,1.39994,-84.4504)
Vector3(11.1312,1.88588,-77.3526)
Vector3(38.7601,1.21841,-74.1847)
Vector3(63.2941,2.22285,-69.7015)

//outsides