Vector3(4.92882,2.0033,-50.3302)

Vector3(-1.16337,1.67189,-49.6296)

Vector3(-7.42692,4.60338,-10.2185))

Vector3(-31.7092,1.80939,-24.0038)

Vector3(2.23542,1.91751,-30.8736)

Vector3(3.41973,1.21237,-67.3664)

Vector3(17.4056,1.46771,-85.9711)

Vector3(34.8317,1.02708,-86.122)

Vector3(31.6791,1.026,28.9859)

Vector3(45.3198,1.67098,39.3516)

Vector3(45.9116,2.15242,23.6071)

Vector3(39.0945,1.55454,23.2389)

Vector3(39.3825,1.97836,-26.2065)

Vector3(34.0074,1.03145,-18.0325)

Vector3(37.4675,1.07891,-18.9285)

Vector3(42.2375,1.10061,-20.0653)

Vector3(46.8216,2.16537,-20.1814)

Vector3(50.6763,1.77757,-13.3142)

Vector3(51.4142,1.53304,-11.0455)

Vector3(53.2893,1.19714,-4.876)

Vector3(54.9926,1.04003,3.22813)

Vector3(56.9353,1.441,8.56422)

Vector3(55.2149,1.06911,15.2168)

Vector3(54.2889,1.19306,20.0215)

Vector3(53.7433,2.79191,26.7021)

Vector3(49.0033,1.04071,32.1738)

Vector3(45.036,2.18003,37.5338)

Vector3(41.4852,1.09736,42.678)

Vector3(37.0784,2.22938,46.3866)

Vector3(32.5719,1.04618,47.6548)

Vector3(28.0791,2.91393,48.0299)

Vector3(25.2433,1.03778,48.7241)

Vector3(20.1699,1.0462,45.7405)

Vector3(14.4907,1.4499,47.7612)

Vector3(10.8406,1.03926,47.0466)

Vector3(5.55121,1.92412,45.0189)

Vector3(0.753017,2.83369,44.0979)

Vector3(1.54978,2.41666,74.5298)

Vector3(-6.48876,2.71998,40.1232)

Vector3(-13.3509,1.06476,31.0941)

Vector3(-26.5381,1.64021,22.281)

Vector3(-37.053,2.67755,17.9841)

Vector3(-43.7338,1.92018,5.30594)

Vector3(-44.1442,1.15695,-0.522252)

Vector3(-43.8293,1.56613,-7.24598)

Vector3(-44.4728,2.72209,-17.5123)

Vector3(-44.7374,1.16753,-24.9477)

Vector3(-46.2289,1.15265,-38.2909)

Vector3(-46.5484,2.061,-42.721)

Vector3(-45.6522,1.69437,-52.5347)

Vector3(-44.7864,1.538,-60.6)

Vector3(-45.5167,2.4151,-68.7708)

Vector3(-43.9602,1.04558,-77.3434)

Vector3(-76.7893,1.03791,-81.2545)

Vector3(-33.4828,1.05648,-67.9241)

Vector3(-30.0755,1.25942,-62.4486)

Vector3(-28.3694,1.36207,-62.5614)

Vector3(-20.409,1.26825,-56.3498)

Vector3(-12.5001,1.73511,-50.8969)

Vector3(-8.81681,2.42988,-51.9316)

Vector3(-3.18776,1.35819,-54.8826)

Vector3(3.30371,2.12872,-49.2749)

Vector3(7.42435,1.64347,-47.5895)

Vector3(12.1075,1.24889,-49.538)

Vector3(16.8945,1.11012,-44.2135)

Vector3(21.9468,1.0798,-31.521)

Vector3(26.5814,1.82274,-30.7849)

Vector3(31.9388,1.03667,-33.9072)

Vector3(37.6432,1.78333,-37.1727)

Vector3(42.6071,1.11836,-33.8704)

Vector3(47.2505,1.25238,-25.6881)

Vector3(50.0831,1.13602,-17.3358)

Vector3(51.6038,2.41912,-2.57749)

Vector3(49.5207,2.40992,12.575)

Vector3(47.5437,2.16083,19.2064)

Vector3(45.529,2.65193,25.4117)

Vector3(42.5032,1.0726,32.4384)

Vector3(38.7178,1.84557,44.8128)

Vector3(34.0336,1.40429,51.2164)

Vector3(28.6628,1.10703,52.4334)

Vector3(22.9052,1.04078,57.2259)

Vector3(17.8638,1.17761,61.779)

Vector3(13.1041,1.15726,65.549)

Vector3(8.69989,1.04596,64.4808)

Vector3(1.80236,1.56463,64.8885)

Vector3(-3.71262,1.04562,61.7185)

Vector3(-9.88127,2.22743,60.6505)

Vector3(-15.1522,2.67485,59.5975)

Vector3(-21.1217,1.05383,60.0145)

Vector3(-26.4787,1.25357,61.2631)

Vector3(-30.9763,1.087,63.8048)

Vector3(-35.8723,2.61581,66.748)

Vector3(-40.6241,1.69806,71.545)

Vector3(-45.8779,1.57814,75.2939)

Vector3(-48.8577,1.98476,77.7497)

Vector3(-56.2021,1.46344,74.3422)

Vector3(-61.885,1.29105,73.6839)

Vector3(-65.2038,1.798,78.1349)

Vector3(-71.3359,1.91253,80.3497)

Vector3(-73.1711,1.55269,80.5239)

Vector3(-77.604,1.96184,75.8969)

Vector3(-77.784,2.7153,71.7921)

Vector3(-77.4,1.57507,66.7811)

Vector3(-75.7399,1.0447,57.8754)

Vector3(-71.942,1.66292,52.6388)

Vector3(-66.8079,1.2269,46.4319)

Vector3(-59.0482,1.66078,48.0539)

Vector3(-53.2629,1.48776,50.3309)

Vector3(-50.1889,1.04691,52.2013)

Vector3(-44.9176,1.05062,54.5115)

Vector3(-41.1395,1.79607,54.1219)

Vector3(-33.5464,1.83811,47.1553)

Vector3(-29.7541,1.88869,43.0903)

Vector3(-23.9433,1.20924,43.1472)

Vector3(-16.6777,2.18532,47.5932)

Vector3(-12.7909,2.34497,49.419)

Vector3(-7.30752,1.46543,53.2192)

Vector3(-2.14547,1.07104,57.5756)

Vector3(3.89946,1.07996,61.8669)

Vector3(9.55306,1.05958,65.9673)

Vector3(13.5956,2.34164,65.6399)

Vector3(19.6231,2.09928,63.6828)

Vector3(23.5706,2.12583,72.214)

Vector3(26.5926,1.58554,74.8815)

Vector3(31.1394,2.08713,70.816)

Vector3(39.1147,1.03178,69.9517)

Vector3(46.2026,1.58707,72.5837)

Vector3(48.8853,1.12526,75.2134)

Vector3(54.5356,1.22642,81.6558)

Vector3(60.4547,2.59552,85.8031)

Vector3(68.1186,1.15267,76.4525)

Vector3(72.2513,2.52233,70.3777)

Vector3(75.0803,1.10554,62.3291)

Vector3(77.4236,2.29918,54.2444)

Vector3(76.8751,1.64071,43.9038)

Vector3(77.5885,1.2508,34.5894)

Vector3(78.8257,2.56804,26.0244)

Vector3(79.0255,1.09328,17.0693)

Vector3(78.8035,1.07148,8.84679)

Vector3(79.2483,2.66226,0.431121)

Vector3(78.3441,1.96508,-7.73149)

Vector3(78.4091,1.55377,-16.2152)

Vector3(77.853,2.66523,-24.3413)

Vector3(76.8574,1.04736,-32.8687)

Vector3(74.8122,1.65714,-38.979)

Vector3(71.8172,1.21935,-47.4386)

Vector3(68.5545,1.08424,-51.9712)

Vector3(64.0395,1.68314,-49.8755)

Vector3(57.0304,1.09056,-48.5933)

Vector3(50.0218,1.19381,-47.9302)

Vector3(44.9339,1.79139,-49.845)

Vector3(42.5251,2.10935,-55.0206)

Vector3(38.2649,1.02609,-61.8396)

Vector3(66.8039,1.67097,-71.8205)

Vector3(1.67608,1.56634,89.0431)

Vector3(1.67608,1.56634,89.0431)

Vector3(-82.7065,2.30997,76.9145)

Vector3(-86.2158,1.28387,14.2136)

Vector3(-81.9265,2.52788,-60.8369)

Vector3(-32.5885,1.39994,-84.4504)

Vector3(11.1312,1.88588,-77.3526)

Vector3(38.7601,1.21841,-74.1847)

Vector3(63.2941,2.22285,-69.7015)

Vector3(36.0966,2.87543,-67.1854)

Vector3(34.0815,1.07913,-71.4606)

Vector3(29.2849,1.25654,-74.7936)

Vector3(22.2659,1.15017,-76.5054)

Vector3(17.8298,2.24557,-75.5933)

Vector3(8.9155,1.14733,-72.2558)

Vector3(1.87588,1.52034,-71.2496)

Vector3(-2.67745,1.1119,-69.3154)

Vector3(-10.1716,1.35351,-71.4688)

Vector3(-18.1894,1.48375,-74.0066)

Vector3(-22.4702,1.07187,-71.654)

Vector3(-28.4741,1.85554,-67.1998)

Vector3(-31.7928,1.94775,-65.1533)

Vector3(-38.9953,1.3384,-67.4967)

Vector3(-46.8183,1.37154,-70.7826)

Vector3(-54.0351,1.79661,-63.18)

Vector3(-59.6356,2.47135,-56.6818)

Vector3(-63.4119,1.6403,-51.6338)

Vector3(-66.7676,1.61307,-58.2902)

Vector3(-65.0784,1.931,-62.7613)

Vector3(-61.2637,1.0424,-51.4081)

Vector3(-59.4393,1.6978,-39.2729)

Vector3(-56.5618,1.96358,-23.3462)

Vector3(-57.5204,2.13513,-15.464)

Vector3(-55.7796,1.04847,-7.01753)

Vector3(-52.2189,2.07324,4.09139)

Vector3(-50.1407,1.10586,12.9644)

Vector3(-49.1085,1.36465,22.2431)

Vector3(-48.1516,1.81728,29.0681)

Vector3(-47.5726,1.65618,37.7965)

Vector3(-46.4442,2.24632,46.1499)

Vector3(-43.3213,1.04677,53.1068)

Vector3(-38.9971,2.04686,53.8704)

Vector3(-33.4272,1.43417,52.4095)

Vector3(-26.5008,2.04204,53.7164)

Vector3(-17.2437,1.51187,56.5988)

Vector3(-10.1675,1.92381,54.3982)

Vector3(-30.46924,1.04746,46.4611)

Vector3(7.93852,1.84158,39.2433)

Vector3(19.2328,1.70346,22.7974)

Vector3(42.4696,1.04558,8.63998)

Vector3(47.9102,2.09388,-2.74909)

Vector3(51.7249,2.44225,-10.3816)

Vector3(51.6853,1.62271,-20.6249)

Vector3(45.1025,1.24154,-33.1934)

Vector3(44.2776,1.87632,-26.1544)

Vector3(45.392,2.0251,-16.6985)

Vector3(46.9717,1.04167,-11.1122)

Vector3(49.5614,2.67776,-3.5548)

