Vector3(51.5839,2.15527,2.14599)

Vector3(53.8922,1.06043,-2.83763)

Vector3(58.0203,1.6357,-11.9425)

Vector3(59.5188,1.52208,-18.1529)

Vector3(60.3929,2.73955,-23.816)

Vector3(60.0517,1.07041,-29.8915)

Vector3(61.2643,1.11044,-36.4071)

Vector3(60.433,1.06219,-43.9099)

Vector3(60.835,2.04782,-51.5254)

Vector3(58.6344,1.0652,-59.9727)

Vector3(56.4397,2.10441,-68.5932)

Vector3(51.7937,1.98867,-71.4592)

Vector3(42.8491,1.58233,-67.6107)

Vector3(36.3804,1.4602,-66.91)

Vector3(30.411,2.22445,-68.5528)

Vector3(24.4903,1.3363,-66.8766)

Vector3(17.3936,2.30603,-64.4518)

Vector3(11.55,1.03837,-65.027)

Vector3(5.32506,2.5688,-66.1169)

Vector3(-1.83874,1.23863,-68.1413)

Vector3(-8.0765,1.57693,-64.5635)

Vector3(-16.3354,1.0432,-55.3464)

Vector3(-21.3808,1.10202,-46.6913)

Vector3(-28.8125,1.23503,-29.9024)

Vector3(-42.4612,1.12814,-23.5523)

Vector3(-45.9843,1.98142,-23.6117)

Vector3(-53.2542,1.78591,-15.9798)

Vector3(-57.5565,1.35366,-8.06118)

Vector3(-63.3412,1.11481,1.81972)

Vector3(-65.1843,2.49115,10.4084)

Vector3(-69.8025,1.04796,22.3757)

Vector3(-73.0864,1.97519,35.9686)

Vector3(-77.2458,1.04509,44.3813)

Vector3(-80.1116,1.18585,48.1317)

Vector3(-88.1119,1.20852,54.1362)

Vector3(-89.3244,1.10281,61.913)

Vector3(-87.5175,1.42219,71.998)

Vector3(-81.011,1.05058,75.7048)

Vector3(-76.859,1.90149,73.8639)

Vector3(-71.3413,1.80247,68.9772)

Vector3(-63.8891,1.92018,68.188)

Vector3(-59.9404,1.27769,68.5288)

Vector3(-54.8417,1.04134,71.6904)

Vector3(-50.6459,2.89227,70.9867)

Vector3(-46.1555,1.03841,68.3179)

Vector3(-40.3424,2.33114,67.4931)

Vector3(-35.1661,1.06137,72.5342)

Vector3(-29.664,1.96819,74.0975)

Vector3(-25.9579,1.69797,72.5596)

Vector3(-18.1118,1.07808,66.6862)

Vector3(-13.5496,1.54013,64.8766)

Vector3(-4.33191,2.75297,67.0504)

Vector3(0.272161,2.52163,67.2766)

Vector3(7.43834,1.17694,69.083)

Vector3(13.532,1.76834,66.1161)

Vector3(18.8676,2.1031,61.4925)

Vector3(23.7161,2.97422,61.2725)

Vector3(28.7936,1.0844,62.6276)

Vector3(34.0637,1.04654,66.0792)

Vector3(39.1279,1.40679,70.3413)

Vector3(46.1612,1.41701,73.6629)

Vector3(51.6157,2.78424,73.4117)

Vector3(64.1138,1.1195,59.0889)

Vector3(64.0454,1.37925,46.0279)

Vector3(57.3298,1.48747,48.2272)

Vector3(50.9161,2.01731,51.4901)

Vector3(48.3422,1.07178,52.0453)

Vector3(40.8208,2.49291,49.952)

Vector3(32.2325,1.68771,51.5114)

Vector3(27.2287,1.04749,53.5897)

Vector3(21.602,1.22443,55.3047)

Vector3(13.2249,1.26652,53.4613)

Vector3(6.89656,2.57781,49.0748)

Vector3(1.08755,2.63988,50.9187)

Vector3(-4.93856,2.10288,58.1443)

Vector3(-10.6124,1.95626,65.064)

Vector3(-14.9509,2.93236,65.1336)

Vector3(-19.9064,1.05067,62.7148)

Vector3(-24.3386,1.86363,55.6904)

Vector3(-32.6272,1.6442,48.5938)

Vector3(-39.3669,1.16414,46.5819)

Vector3(-44.7774,1.1566,48.305)

Vector3(-51.3281,1.10248,49.4226)

Vector3(-54.0102,1.03141,46.4981)

Vector3(-55.9224,1.39816,41.487)

Vector3(-57.0645,1.20436,34.7854)

Vector3(-57.0966,1.2259,28.3469)

Vector3(-57.1361,1.04889,19.4066)

Vector3(-57.6992,1.0516,8.95185)

Vector3(-58.3312,1.04598,-1.69951)

Vector3(-58.6041,1.22229,-11.0308)

Vector3(-58.2535,1.26534,-18.6198)

Vector3(-57.5053,1.68631,-26.0051)

Vector3(-57.5832,1.72059,-35.4243)

Vector3(-55.9866,1.04829,-44.888)

Vector3(-50.7798,2.37514,-54.1996)

Vector3(-43.6907,2.29747,-55.2521)

Vector3(-37.2187,1.41063,-58.4916)

Vector3(-27.4551,1.06853,-68.4302)

Vector3(-19.2425,1.37445,-69.2824)

Vector3(-14.9505,1.17905,-68.5682)

Vector3(-9.19586,1.13245,-65.6596)

Vector3(0.720478,1.39858,-61.5763)

Vector3(7.48252,1.04364,-55.4282)

Vector3(14.058,1.11216,-48.2229)

Vector3(20.9568,1.0419,-42.5703)

Vector3(25.3436,1.96854,-37.0194)

Vector3(29.2836,1.4871,-33.2456)

Vector3(33.8507,1.92936,-26.6818)

Vector3(38.9629,1.19263,-18.7407)

Vector3(42.3514,1.17889,-11.5694)

Vector3(45.2548,1.19176,-1.9219)

Vector3(48.0174,1.08645,6.50792)

Vector3(49.9191,1.9112,16.5308)

Vector3(52.8318,2.10787,26.0282)

Vector3(51.9712,1.68459,35.9842)

Vector3(45.2352,1.32547,39.0617)

Vector3(43.6209,2.14291,33.2057)

Vector3(44.5063,2.6685,27.5671)

Vector3(46.3458,2.43609,19.39)

Vector3(47.7856,1.78425,10.6517)

