Vector3(-51.3434,1.07372,33.0019)

Vector3(24.47,1.31027,-33.1202)

Vector3(29.4671,1.58163,-31.088)

Vector3(37.5235,1.37246,-23.9118)

Vector3(44.1386,1.66036,-16.8497)

Vector3(50.7713,1.29542,-9.59139)

Vector3(58.8742,1.04225,-2.05251)

Vector3(62.0282,1.10152,3.09177)

Vector3(66.4577,1.12467,10.0842)

Vector3(70.0977,1.18141,17.7483)

Vector3(72.4494,1.45318,23.8419)

Vector3(74.4442,2.68246,29.1378)

Vector3(76.0132,1.1415,37.2455)

Vector3(76.8344,1.41995,45.3379)

Vector3(71.8098,1.60399,57.475)

Vector3(67.192,1.21405,61.986)

Vector3(60.567,1.04864,59.8498)

Vector3(53.7715,1.31553,65.2438)

Vector3(50.2375,1.07008,68.5611)

Vector3(41.3273,1.13743,66.0526)

Vector3(34.8997,1.1875,60.4243)

Vector3(31.6651,1.45748,55.5771)

Vector3(23.445,1.04571,59)

Vector3(17.9486,1.40494,61.3429)

Vector3(7.99324,1.06627,57.8039)

Vector3(1.37991,1.3082,54.7283)

Vector3(-4.39168,1.11361,49.5677)

Vector3(-11.8779,2.61854,44.7271)

Vector3(-18.1717,1.47053,48.175)

Vector3(-23.6188,1.53095,56.7164)

Vector3(-30.0938,1.72227,63.5246)

Vector3(-37.4931,2.37089,63.58)

Vector3(-43.4441,1.1833,68.5182)

Vector3(-48.2767,1.20416,74.0558)

Vector3(-53.6896,1.14534,77.1313)

Vector3(-58.0441,2.17944,78.7255)

Vector3(-62.9463,1.05838,74.8139)

Vector3(-66.3202,2.64994,64.747)

Vector3(-67.5382,1.40336,59.8477)

Vector3(-67.9713,1.13562,53.1449)

Vector3(-68.0243,2.34471,48.1724)

Vector3(-64.7957,1.43639,41.7096)

Vector3(-61.4563,2.59611,33.2784)

Vector3(-55.9379,1.1705,35.9503)

Vector3(-49.7843,1.17073,39.5561)

Vector3(-43.3318,1.57406,38.9946)

Vector3(-37.301,1.57098,43.9481)

Vector3(-32.4104,1.2601,50.2281)

Vector3(-20.438,1.89356,56.176)

Vector3(-16.6854,1.0365,52.598)

Vector3(-12.9562,2.26868,53.3778)

Vector3(-5.83812,2.04236,56.4648)

Vector3(-0.380947,1.47785,55.2295)

Vector3(8.59967,1.21483,53.5066)

Vector3(14.4228,1.78214,56.9211)

Vector3(19.5286,1.76113,64.9961)

Vector3(24.7336,1.01496,70.825)

Vector3(31.7425,1.10211,74.6123)

Vector3(36.7968,2.33341,70.3995)

Vector3(41.8882,1.05,65.6827)

Vector3(50.3864,1.07077,61.6534)

Vector3(54.0558,1.88598,56.9306)

Vector3(58.1605,2.36382,46.2986)

Vector3(58.7292,1.01418,37.5834)

Vector3(58.2234,2.79404,27.5704)

Vector3(57.7943,2.33232,17.9369)

Vector3(55.286,2.43187,9.62848)

Vector3(54.0574,1.04874,-2.97189)

Vector3(52.5871,1.90527,-12.6516)

Vector3(52.3858,1.04973,-19.1241)

Vector3(49.3022,2.40902,-28.5429)

Vector3(47.3536,1.4489,-37.4395)

Vector3(41.2055,1.04943,-39.1302)

Vector3(32.6153,2.5199,-36.7471)

Vector3(28.0237,2.57116,-39.2235)

Vector3(24.4837,2.28964,-43.7583)

Vector3(20.7897,2.35468,-50.6546)

Vector3(20.2867,1.40205,-57.9166)

Vector3(15.2686,1.04702,-63.1281)

Vector3(40.2042,1.88786,-69.2584)

Vector3(7.20115,2.84677,-68.3396)

Vector3(10.96255,1.76315,-66.7135)

Vector3(-5.23099,1.04748,-68.7594)

Vector3(-26.4888,1.85854,-66.7226)

Vector3(-16.7638,1.09686,-59.9091)

Vector3(-10.1697,1.38211,-57.2518)

Vector3(-32.4469,1.8167,-55.2455)

Vector3(-36.3796,1.49294,-49.8286)

Vector3(-44.1717,1.28551,-41.8883)

Vector3(-47.2191,1.47034,-36.0793)

Vector3(-54.5756,1.58871,-30.3592)

Vector3(-62.5523,1.74613,-20.4042)

Vector3(-63.9678,1.85955,-14.5897)

Vector3(-65.9072,1.07254,-6.46705)

Vector3(-67.8676,1.66864,3.87417)

Vector3(-68.8589,1.40676,13.7721)

Vector3(-66.9055,2.10004,23.4596)

Vector3(-62.5414,1.04544,39.4754)

Vector3(-58.2574,1.07476,39.9757)

Vector3(-51.9523,1.67077,36.5607)

Vector3(-48.0253,2.26166,31.537)

Vector3(-44.5233,1.91947,22.3533)

Vector3(-44.4728,1.18115,13.9608)

Vector3(-43.4065,2.79383,6.40252)

Vector3(-43.7126,1.29918,-1.42252)

Vector3(-43.2005,2.07812,-8.62273)

Vector3(-54.8659,1.03773,-16.2579)

Vector3(-44.5374,2.1388,-23.1373)

Vector3(-44.8744,1.12177,-30.2567)

Vector3(-44.848,2.27193,-37.7042)

Vector3(-43.2661,1.09528,-46.4556)

Vector3(-20.924,1.04712,-55.1224)

Vector3(-36.308,1.91247,-66.1797)

Vector3(-29.2071,1.30485,-68.6284)

Vector3(-25.3464,1.93682,-68.1273)

Vector3(-18.2738,1.25406,-68.827)

Vector3(-11.904,1.2289,-68.5939)

Vector3(-4.38725,1.04933,-66.9529)

Vector3(0.683625,1.04229,-63.2145)

Vector3(8.03439,1.05271,-59.2975)

Vector3(14.7258,1.05674,-54.8892)

Vector3(20.6985,2.08908,-56.1899)

Vector3(25.0417,1.43556,-58.5023)

Vector3(31.2475,1.06713,-55.6947)

Vector3(35.7069,1.17165,-56.753)

Vector3(41.3277,2.06619,-62.2626)

Vector3(45.4099,1.6473,-65.6614)

Vector3(54.8189,2.43958,-67.6902)

Vector3(58.1352,2.65831,-66.8164)

Vector3(62.2803,2.88736,-62.3955)

Vector3(54.3278,1.96308,-58.8522)

Vector3(56.8008,2.19744,-52.5564)

Vector3(57.5742,1.10924,-48.4711)

Vector3(59.8585,1.06796,-41.6943)

Vector3(61.9071,1.97271,-36.3109)

Vector3(66.6245,1.19416,-19.9855)

Vector3(77.7015,1.57244,-14.0078)

Vector3(78.3444,1.27697,-6.7432)

Vector3(79.4144,1.08511,2.57938)

Vector3(80.3639,1.29537,7.9464)

Vector3(79.5091,2.66115,15.8043)

Vector3(80.7455,1.1572,22.9639)

Vector3(91.0588,2.43599,30.5328)

Vector3(92.0381,1.52564,37.6593)

Vector3(94.3602,1.45496,47.3602)

Vector3(84.6206,2.23125,55.5513)

Vector3(84.4938,1.42573,62.1616)

Vector3(80.1208,2.58617,64.5856)

Vector3(74.5059,2.86908,59.9103)

Vector3(69.0983,1.61912,55.7891)

Vector3(62.4008,1.08725,53.0781)

Vector3(56.8025,1.04807,55.9758)

Vector3(46.278,1.04891,57.4469)

Vector3(36.0806,1.90177,51.8455)

Vector3(28.3042,2.55384,49.6914)

Vector3(22.0961,1.82916,54.2966)

Vector3(18.3974,1.81995,59.3635)

Vector3(12.7448,1.0491,63.2264)

Vector3(6.26911,1.12844,64.8116)

Vector3(-5.83037,2.42445,63.5943)

Vector3(-11.7098,1.4766,66.2122)

Vector3(-17.7931,1.05671,69.875)

Vector3(-23.5508,1.87486,76.1081)

Vector3(-27.058,1.54052,76.0939)

Vector3(-29.6043,1.11479,74.4053)

Vector3(-31.7271,2.71859,65.93)

Vector3(-35.1691,1.04762,58.74)

Vector3(-36.5321,2.16401,53.1839)

Vector3(-44.7537,1.1497,41.7812)

Vector3(-46.2883,2.11225,35.9188)

Vector3(-47.3574,2.03777,27.0661)

Vector3(-50.3038,1.06685,11.7219)

Vector3(-52.2345,1.66011,-1.7049)

Vector3(-55.3141,1.55964,-12.1692)

Vector3(-57.9118,1.14763,-21.4677)

Vector3(-56.9975,2.53548,-29.9133)

Vector3(-57.3723,1.37137,-39.709)

Vector3(-58.5141,1.46803,-49.3637)

Vector3(-59.6068,1.84655,-56.8567)

Vector3(-58.0066,2.04804,-63.6989)

Vector3(-54.1323,1.04834,-77.399)

Vector3(-48.7679,2.13855,-77.6133)

Vector3(-41.8477,2.0403,-75.4156)

Vector3(-35.656,1.96609,-74.9976)

Vector3(-28.8178,1.23283,-72.7028)

Vector3(-25.4437,1.06696,-67.7764)

Vector3(-19.0018,1.12234,-65.1936)

Vector3(-11.3268,1.04594,-64.814)

Vector3(-6.46143,1.09549,-67.9403)

Vector3(0.00390744,1.49758,-70.282)

Vector3(4.89243,1.04907,-68.7645)

Vector3(9.29817,1.05481,-63.6945)

Vector3(10.2896,1.39571,-59.5442)

Vector3(13.846,2.50317,-47.7739)

Vector3(18.7519,1.45102,-36.3468)

Vector3(34.4785,2.47351,-20.8595)

Vector3(40.3417,1.01318,-23.5222)

Vector3(46.0667,1.06134,-18.1664)

Vector3(47.3919,1.11141,-12.406)

Vector3(50.1886,1.58073,-1.28828)

