Vector3(38.1678,1.99894,-16.522)

Vector3(46.1814,2.71565,-13.9433)

Vector3(51.4479,2.06567,-7.3571)

Vector3(54.0579,1.94519,-1.1368)

Vector3(58.9736,1.09074,8.01898)

Vector3(62.276,1.13944,16.8934)

Vector3(65.4733,1.37696,29.3501)

Vector3(66.8996,1.22739,39.6229)

Vector3(66.6785,1.30352,48.9978)

Vector3(60.784,2.36916,54.8313)

Vector3(49.9151,1.04922,52.9614)

Vector3(44.1144,1.02289,48.802)

Vector3(33.4049,2.0468,48.6953)

Vector3(25.8611,1.99863,59.4734)

Vector3(16.0511,1.03378,64.8909)

Vector3(9.8691,1.46956,67.9077)

Vector3(1.04254,1.73685,66.7667)

Vector3(-3.54703,2.84397,62.9838)

Vector3(-11.1394,2.56299,64.9673)

Vector3(-15.6613,1.88311,69.353)

Vector3(-24.0387,2.40351,64.3222)

Vector3(-28.3315,1.24602,58.3717)

Vector3(-31.4383,1.04491,49.3824)

Vector3(-35.3419,1.13302,40.2438)

Vector3(-37.2357,1.09563,28.1767)

Vector3(-39.1086,2.79211,16.2248)

Vector3(-40.2199,1.94936,7.39333)

Vector3(-43.3971,1.19764,0.767079)

Vector3(-48.0132,2.19393,-6.53658)

Vector3(-54.7246,1.03983,-10.8532)

Vector3(-62.7308,1.35758,-8.90854)

Vector3(-68.8899,1.58809,-9.45628)

Vector3(-73.6257,2.7402,-20.0142)

Vector3(-71.7151,1.62281,-24.1105)

Vector3(-72.296,2.25662,-32.8676)

Vector3(-70.7096,1.27486,-36.2831)

Vector3(-69.4205,1.3083,-43.678)

Vector3(-61.8237,1.22406,-58.6636)

Vector3(-55.5279,2.4795,-61.4646)

Vector3(-47.1405,1.37732,-60.6423)

Vector3(-38.9038,1.78608,-56.4725)

Vector3(-35.0647,1.96467,-52.3576)

Vector3(-28.7615,2.46265,-49.6022)

Vector3(-23.4163,1.18128,-52.6282)

Vector3(-18.9847,1.33305,-59.2047)

Vector3(-17.0391,2.17477,-67.1741)

Vector3(-13.1143,1.04192,-75.7684)

Vector3(-8.77433,1.49019,-82.6796)

Vector3(-0.541841,1.38225,-82.6059)

Vector3(7.18966,1.06027,-80.3677)

Vector3(10.3358,2.04657,-78.0861)

Vector3(16.8557,1.8826,-73.2629)

Vector3(20.4835,1.05031,-67.4849)

Vector3(25.833,1.15766,-61.3524)

Vector3(30.5055,2.10342,-55.9485)

Vector3(33.813,1.75887,-48.0984)

Vector3(38.6834,1.45507,-41.2425)

Vector3(43.1865,1.04468,-32.1637)

Vector3(46.293,1.49552,-26.8129)

Vector3(49.6405,1.91285,-20.1975)

Vector3(52.0877,1.64619,-14.6177)

Vector3(55.0879,1.04467,-9.21084)

Vector3(62.288,1.04693,-1.52172)

Vector3(70.0844,1.86916,0.663474)

Vector3(72.5738,2.78546,4.48906)

Vector3(74.0395,1.12699,13.6933)

Vector3(71.6149,2.28385,24.7335)

Vector3(71.7461,1.21793,34.0524)

Vector3(70.7924,1.04769,41.0509)

Vector3(68.6984,1.12416,49.9534)

Vector3(65.4977,2.15212,58.9261)

Vector3(61.7137,2.03077,67.9825)

Vector3(57.703,2.52949,72.5362)

Vector3(52.9446,1.0439,70.671)

Vector3(46.9571,1.06139,65.9422)

Vector3(41.5496,1.19507,61.0723)

Vector3(36.8657,1.06288,61.2809)

Vector3(30.512,1.06927,56.7897)

Vector3(26.3003,1.69251,50.8958)

Vector3(23.3987,1.56249,42.4633)

Vector3(25.1027,2.16671,36.5357)

Vector3(26.2968,1.34728,28.7629)

Vector3(30.5205,2.87272,22.9075)

Vector3(38.8488,2.37614,20.607)

Vector3(45.0817,1.48753,24.1743)

Vector3(50.3551,1.08136,27.4497)

Vector3(57.4978,2.39465,25.05)

Vector3(64.3577,1.1798,15.6645)

Vector3(65.8208,2.06062,8.04048)

Vector3(69.3762,2.32551,-0.561741)

Vector3(69.518,1.32938,-10.8284)

Vector3(71.4757,2.36887,-17.3703)

Vector3(71.3619,2.50169,-23.7231)

Vector3(69.284,2.04546,-29.5471)

Vector3(66.8059,1.62618,-38.3196)

Vector3(63.7032,1.863,-45.0478)

Vector3(60.6328,1.03484,-52.8205)

Vector3(57.8696,1.04156,-59.9851)

Vector3(54.2233,2.32389,-63.1259)

Vector3(48.3599,1.0605,-63.5363)

Vector3(41.7111,1.20633,-60.7891)

Vector3(34.0001,1.2561,-62.1185)

Vector3(30.4273,2.03167,-64.7298)

Vector3(26.3188,1.28268,-67.4983)

Vector3(23.3654,1.7957,-73.1977)

Vector3(17.9479,1.08709,-76.9749)

Vector3(11.9484,1.73522,-72.4729)

Vector3(8.59309,1.06748,-67.8481)

Vector3(1.95024,1.00994,-58.8543)

Vector3(0.528384,1.04433,-54.2725)

Vector3(-5.62443,1.41388,-47.6582)

Vector3(-9.31533,1.33151,-45.0019)

Vector3(-15.9611,1.07195,-42.9746)

Vector3(-21.046,2.83379,-37.8814)

Vector3(-24.49,2.32029,-31.6977)

Vector3(-29.4142,1.43359,-29.9643)

Vector3(-35.7516,1.5496,-34.073)

Vector3(-41.8718,1.21916,-32.1889)

Vector3(-45.0445,1.71717,-25.0553)

Vector3(-49.1925,2.51388,-16.9364)

Vector3(-50.7828,1.5648,-5.03786)

Vector3(-52.9181,1.06499,4.42641)

Vector3(-55.3038,1.57555,13.206)

Vector3(-56.055,1.0461,20.4114)

Vector3(-58.574,1.21418,27.8235)

Vector3(-61.5663,2.50682,33.3206)

Vector3(-66.8626,2.34777,36.2548)

Vector3(-72.2569,1.42971,28.3334)

Vector3(-71.2755,1.5953,22.1585)

Vector3(-66.1386,1.45182,27.0928)

Vector3(-60.5542,1.13465,36.2899)

Vector3(-54.5307,1.58864,44.9136)

Vector3(-49.7956,2.30935,49.8428)

Vector3(-43.3176,1.92462,47.5872)

Vector3(-35.2232,1.04901,51.2914)

Vector3(-30.0919,1.92113,53.2729)

Vector3(-23.7838,1.52252,51.8139)

Vector3(-17.7727,1.05734,49.2481)

Vector3(-11.6467,1.47298,52.0004)

Vector3(-5.87317,1.05232,55.6078)

Vector3(-1.29559,1.29744,56.8129)

Vector3(6.18761,1.67266,53.1852)

Vector3(13.167,2.06973,42.5057)

Vector3(16.3457,1.84617,34.4976)

Vector3(22.9782,1.11039,26.4357)

Vector3(29.9257,1.71747,28.735)

Vector3(34.0336,2.17196,30.4357)

Vector3(38.8418,1.28178,30.7706)

Vector3(43.7243,1.09894,27.0845)

Vector3(50.1854,1.36248,22.8215)

Vector3(56.6128,2.23458,19.725)

Vector3(63.0206,1.22579,23.1502)

Vector3(74.2199,1.65103,43.2218)

Vector3(76.1939,1.58163,51.572)

Vector3(77.3203,2.90389,57.766)

Vector3(78.3323,2.02458,64.6396)

Vector3(79.9836,1.05685,79.5512)

Vector3(72.2511,1.54074,81.9392)

Vector3(69.3044,1.04614,77.3159)

Vector3(65.468,2.1756,71.1413)

Vector3(63.1312,1.0934,65.8246)

Vector3(60.393,1.714,58.846)

Vector3(56.5386,1.06997,54.3835)

Vector3(53.5968,1.09142,47.2404)

Vector3(51.1662,1.17478,40.2298)

Vector3(49.3165,1.10637,31.5973)

Vector3(48.5746,1.90497,24.565)

Vector3(50.1621,1.90311,16.9034)

Vector3(49.3039,2.09948,10.0965)

Vector3(49.0196,2.27529,3.47996)

Vector3(50.0582,1.45217,-5.42771)

Vector3(54.022,2.26604,-31.4773)

Vector3(57.7048,1.57064,-39.0432)

Vector3(59.3928,1.37875,-47.4205)

Vector3(63.4055,1.15276,-64.6418)

Vector3(52.3437,1.2765,-72.3511)

Vector3(49.5757,1.1667,-63.3435)

Vector3(46.6726,1.04593,-52.0493)

Vector3(44.785,1.84163,-45.7861)

Vector3(43.819,2.54144,-33.8608)

Vector3(42.5179,1.26291,-17.7627)

Vector3(41.9249,1.11077,-7.1201)

Vector3(42.9734,2.01418,3.06526)

Vector3(41.455,2.90489,15.5745)

Vector3(40.2427,1.0488,23.6523)

Vector3(37.779,1.99852,35.1891)

Vector3(29.1139,1.22215,41.5954)

Vector3(19.4835,1.22666,44.3707)

Vector3(11.7494,1.41677,52.1684)

Vector3(-3.98982,1.10535,58.1972)

Vector3(-10.8419,1.96699,51.5458)

Vector3(-20.565,1.06828,36.9985)

Vector3(-31.1755,1.75175,19.1895)

Vector3(-36.3791,2.59782,10.169)

Vector3(-41.8584,1.20166,-1.00864)

Vector3(-44.5994,1.9566,-11.6984)

Vector3(-45.7214,2.46791,-22.5313)

Vector3(-48.7232,1.23862,-32.3064)

Vector3(-51.2378,2.75609,-44.9737)

Vector3(-55.7551,1.08859,-55.2298)

Vector3(-60.2603,1.92885,-66.0159)

Vector3(-66.82,2.15325,-74.0406)

Vector3(-76.458,1.08907,-80.7699)

Vector3(-78.0924,1.65981,-74.5863)

Vector3(-76.0767,2.72631,-64.8176)

Vector3(-70.5515,1.69487,-52.1012)

Vector3(-63.0395,0.997789,-48.0237)

Vector3(-58.7064,1.12646,-39.6866)

Vector3(-56.8589,1.75523,-32.3581)

Vector3(-54.1777,1.2965,-25.0402)

Vector3(-51.3948,1.65499,-16.2987)

Vector3(-47.4256,1.95321,-7.26606)

Vector3(-46.9652,1.80222,-2.25814)

