Vector3(-0.0442134,0.499,-13.1906)

Vector3(-0.0139378,0.499,-29.9482)

Vector3(3.08764,0.499,-40.7104)

Vector3(7.98037,0.499,-51.171)

Vector3(14.3511,0.499,-64.4485)

Vector3(22.5651,0.499,-73.7795)

Vector3(35.4422,0.499,-81.0144)

Vector3(50.1821,0.499,-80.2073)

Vector3(65.6038,0.499,-75.2716)

Vector3(77.3206,0.499,-62.5941)

Vector3(85.9935,0.499,-38.901)

Vector3(92.1994,0.499,-19.3487)

Vector3(95.3408,0.499,-0.407697)

Vector3(93.9205,0.499,20.5834)

Vector3(92.646,0.499,38.6513)

Vector3(89.3022,0.499,62.1516)

Vector3(75.5312,0.499,83.2447)

Vector3(58.0638,0.499,102.986)

Vector3(39.92,0.499,113.549)

Vector3(19.1087,-1.13619,124.067)

Vector3(0,0.499,-16.4215)

Vector3(5.01364,0.499,-28.9508)

Vector3(19.175,0.499,-31.1786)

Vector3(35.1629,0.499,-30.2186)

Vector3(56.1806,0.499,-21.1937)

Vector3(71.6859,0.499,-2.72295)

Vector3(84.2653,0.499,29.1317)

Vector3(72.332,0.499,103.759)

Vector3(53.3044,0.499,80.6725)

Vector3(37.692,0.499,60.876)

Vector3(12.774,0.499,34.0928)

Vector3(-6.86568,0.499,14.3993)

Vector3(-26.4723,0.499,-1.96986)

Vector3(-44.5694,0.499,-66.6627)

Vector3(-18.9128,0.499,-66.3825)

Vector3(8.9898,0.499,-58.5638)

Vector3(35.7232,0.499,-49.2211)

Vector3(58.3652,0.499,-18.2177)

Vector3(60.0391,0.499,3.76204)

