Vector3(0,0.499294,-15.606)

Vector3(-3.97962,0.499294,-17.0152)

Vector3(-9.78116,0.499294,-15.9002)

Vector3(-20.2248,0.499294,-12.5185)

Vector3(-20.5039,0.499294,-8.36724)

Vector3(-18.5018,0.499294,-2.10238)

Vector3(-16.8976,0.499294,2.91745)

Vector3(-13.4517,0.499294,9.7477)

Vector3(-7.88585,0.499294,12.0197)

Vector3(-2.14268,0.499294,12.9208)

Vector3(2.07627,0.499294,12.995)

Vector3(7.3112,0.499294,12.1746)

Vector3(12.8796,0.499294,9.77331)

Vector3(15.756,0.499294,8.23423)

Vector3(19.3714,0.499294,4.16009)

Vector3(20.9819,0.499294,-2.7029)

Vector3(21.0801,0.499294,-7.22992)

Vector3(20.4572,0.499294,-14.2818)

Vector3(19.7711,0.499294,-17.515)

